2022/09/01-20:24:47.326011 1fa8 RocksDB version: 7.3.1
2022/09/01-20:24:47.326056 1fa8 Git sha 8e0f495253f62904a4ca6d3ec6a03391a12b0a45
2022/09/01-20:24:47.326070 1fa8 Compile date 2022-06-14 08:01:14
2022/09/01-20:24:47.326079 1fa8 DB SUMMARY
2022/09/01-20:24:47.326088 1fa8 DB Session ID:  NWYEJ9DEN0PYSA4ZAFEQ
2022/09/01-20:24:47.326265 1fa8 SST files in D:\.jurassicraft\saves\Isla Nublar Jurassic Craft So1\DIM-83\fp2\voxel dir, Total Num: 0, files: 
2022/09/01-20:24:47.326279 1fa8 Write Ahead Log file in D:\.jurassicraft\saves\Isla Nublar Jurassic Craft So1\DIM-83\fp2\voxel: 
2022/09/01-20:24:47.326289 1fa8                         Options.error_if_exists: 0
2022/09/01-20:24:47.326298 1fa8                       Options.create_if_missing: 1
2022/09/01-20:24:47.326457 1fa8                         Options.paranoid_checks: 1
2022/09/01-20:24:47.326463 1fa8             Options.flush_verify_memtable_count: 1
2022/09/01-20:24:47.326467 1fa8                               Options.track_and_verify_wals_in_manifest: 0
2022/09/01-20:24:47.326470 1fa8        Options.verify_sst_unique_id_in_manifest: 0
2022/09/01-20:24:47.326474 1fa8                                     Options.env: 000000005EF4C2F0
2022/09/01-20:24:47.326477 1fa8                                      Options.fs: WinFS
2022/09/01-20:24:47.326480 1fa8                                Options.info_log: 000000006727A170
2022/09/01-20:24:47.326483 1fa8                Options.max_file_opening_threads: 16
2022/09/01-20:24:47.326486 1fa8                              Options.statistics: 0000000000000000
2022/09/01-20:24:47.326489 1fa8                               Options.use_fsync: 0
2022/09/01-20:24:47.326492 1fa8                       Options.max_log_file_size: 0
2022/09/01-20:24:47.326495 1fa8                  Options.max_manifest_file_size: 1073741824
2022/09/01-20:24:47.326499 1fa8                   Options.log_file_time_to_roll: 0
2022/09/01-20:24:47.326502 1fa8                       Options.keep_log_file_num: 1
2022/09/01-20:24:47.326505 1fa8                    Options.recycle_log_file_num: 0
2022/09/01-20:24:47.326508 1fa8                         Options.allow_fallocate: 1
2022/09/01-20:24:47.326511 1fa8                        Options.allow_mmap_reads: 0
2022/09/01-20:24:47.326514 1fa8                       Options.allow_mmap_writes: 0
2022/09/01-20:24:47.326517 1fa8                        Options.use_direct_reads: 0
2022/09/01-20:24:47.326520 1fa8                        Options.use_direct_io_for_flush_and_compaction: 0
2022/09/01-20:24:47.326523 1fa8          Options.create_missing_column_families: 1
2022/09/01-20:24:47.326526 1fa8                              Options.db_log_dir: 
2022/09/01-20:24:47.326529 1fa8                                 Options.wal_dir: 
2022/09/01-20:24:47.326532 1fa8                Options.table_cache_numshardbits: 6
2022/09/01-20:24:47.326535 1fa8                         Options.WAL_ttl_seconds: 0
2022/09/01-20:24:47.326538 1fa8                       Options.WAL_size_limit_MB: 0
2022/09/01-20:24:47.326541 1fa8                        Options.max_write_batch_group_size_bytes: 1048576
2022/09/01-20:24:47.326544 1fa8             Options.manifest_preallocation_size: 4194304
2022/09/01-20:24:47.326547 1fa8                     Options.is_fd_close_on_exec: 1
2022/09/01-20:24:47.326550 1fa8                   Options.advise_random_on_open: 1
2022/09/01-20:24:47.326553 1fa8                   Options.experimental_mempurge_threshold: 0.000000
2022/09/01-20:24:47.326557 1fa8                    Options.db_write_buffer_size: 0
2022/09/01-20:24:47.326560 1fa8                    Options.write_buffer_manager: 000000005EF4CA70
2022/09/01-20:24:47.326564 1fa8         Options.access_hint_on_compaction_start: 1
2022/09/01-20:24:47.326567 1fa8           Options.random_access_max_buffer_size: 1048576
2022/09/01-20:24:47.326570 1fa8                      Options.use_adaptive_mutex: 0
2022/09/01-20:24:47.326573 1fa8                            Options.rate_limiter: 0000000000000000
2022/09/01-20:24:47.326576 1fa8     Options.sst_file_manager.rate_bytes_per_sec: 0
2022/09/01-20:24:47.326579 1fa8                       Options.wal_recovery_mode: 2
2022/09/01-20:24:47.326584 1fa8                  Options.enable_thread_tracking: 0
2022/09/01-20:24:47.326588 1fa8                  Options.enable_pipelined_write: 0
2022/09/01-20:24:47.326591 1fa8                  Options.unordered_write: 0
2022/09/01-20:24:47.326594 1fa8         Options.allow_concurrent_memtable_write: 1
2022/09/01-20:24:47.326597 1fa8      Options.enable_write_thread_adaptive_yield: 1
2022/09/01-20:24:47.326600 1fa8             Options.write_thread_max_yield_usec: 100
2022/09/01-20:24:47.326603 1fa8            Options.write_thread_slow_yield_usec: 3
2022/09/01-20:24:47.326606 1fa8                               Options.row_cache: None
2022/09/01-20:24:47.326609 1fa8                              Options.wal_filter: None
2022/09/01-20:24:47.326612 1fa8             Options.avoid_flush_during_recovery: 0
2022/09/01-20:24:47.326615 1fa8             Options.allow_ingest_behind: 0
2022/09/01-20:24:47.326618 1fa8             Options.two_write_queues: 0
2022/09/01-20:24:47.326621 1fa8             Options.manual_wal_flush: 0
2022/09/01-20:24:47.326624 1fa8             Options.wal_compression: 0
2022/09/01-20:24:47.326627 1fa8             Options.atomic_flush: 0
2022/09/01-20:24:47.326630 1fa8             Options.avoid_unnecessary_blocking_io: 0
2022/09/01-20:24:47.326634 1fa8                 Options.persist_stats_to_disk: 0
2022/09/01-20:24:47.326637 1fa8                 Options.write_dbid_to_manifest: 0
2022/09/01-20:24:47.326640 1fa8                 Options.log_readahead_size: 0
2022/09/01-20:24:47.326643 1fa8                 Options.file_checksum_gen_factory: Unknown
2022/09/01-20:24:47.326646 1fa8                 Options.best_efforts_recovery: 0
2022/09/01-20:24:47.326649 1fa8                Options.max_bgerror_resume_count: 2147483647
2022/09/01-20:24:47.326652 1fa8            Options.bgerror_resume_retry_interval: 1000000
2022/09/01-20:24:47.326655 1fa8             Options.allow_data_in_errors: 0
2022/09/01-20:24:47.326658 1fa8             Options.db_host_id: __hostname__
2022/09/01-20:24:47.326661 1fa8             Options.enforce_single_del_contracts: true
2022/09/01-20:24:47.326664 1fa8             Options.max_background_jobs: 2
2022/09/01-20:24:47.326667 1fa8             Options.max_background_compactions: -1
2022/09/01-20:24:47.326670 1fa8             Options.max_subcompactions: 1
2022/09/01-20:24:47.326673 1fa8             Options.avoid_flush_during_shutdown: 0
2022/09/01-20:24:47.326676 1fa8           Options.writable_file_max_buffer_size: 1048576
2022/09/01-20:24:47.326679 1fa8             Options.delayed_write_rate : 16777216
2022/09/01-20:24:47.326682 1fa8             Options.max_total_wal_size: 0
2022/09/01-20:24:47.326685 1fa8             Options.delete_obsolete_files_period_micros: 21600000000
2022/09/01-20:24:47.326688 1fa8                   Options.stats_dump_period_sec: 600
2022/09/01-20:24:47.326692 1fa8                 Options.stats_persist_period_sec: 600
2022/09/01-20:24:47.326695 1fa8                 Options.stats_history_buffer_size: 1048576
2022/09/01-20:24:47.326698 1fa8                          Options.max_open_files: -1
2022/09/01-20:24:47.326701 1fa8                          Options.bytes_per_sync: 0
2022/09/01-20:24:47.326704 1fa8                      Options.wal_bytes_per_sync: 0
2022/09/01-20:24:47.326707 1fa8                   Options.strict_bytes_per_sync: 0
2022/09/01-20:24:47.326710 1fa8       Options.compaction_readahead_size: 0
2022/09/01-20:24:47.326713 1fa8                  Options.max_background_flushes: -1
2022/09/01-20:24:47.326716 1fa8 Compression algorithms supported:
2022/09/01-20:24:47.326719 1fa8 	kZSTD supported: 1
2022/09/01-20:24:47.326722 1fa8 	kSnappyCompression supported: 1
2022/09/01-20:24:47.326725 1fa8 	kBZip2Compression supported: 0
2022/09/01-20:24:47.326729 1fa8 	kZlibCompression supported: 1
2022/09/01-20:24:47.326732 1fa8 	kLZ4Compression supported: 1
2022/09/01-20:24:47.326735 1fa8 	kXpressCompression supported: 0
2022/09/01-20:24:47.326738 1fa8 	kLZ4HCCompression supported: 1
2022/09/01-20:24:47.326741 1fa8 	kZSTDNotFinalCompression supported: 1
2022/09/01-20:24:47.326746 1fa8 Fast CRC32 supported: Not supported on x86
2022/09/01-20:24:47.334678 1fa8 [db\db_impl\db_impl_open.cc:309] Creating manifest 1 
2022/09/01-20:24:47.338361 1fa8 [db\version_set.cc:4918] Recovering from manifest file: D:\.jurassicraft\saves\Isla Nublar Jurassic Craft So1\DIM-83\fp2\voxel/MANIFEST-000001
2022/09/01-20:24:47.338742 1fa8 [db\column_family.cc:614] --------------- Options for column family [default]:
2022/09/01-20:24:47.338750 1fa8               Options.comparator: leveldb.BytewiseComparator
2022/09/01-20:24:47.338754 1fa8           Options.merge_operator: None
2022/09/01-20:24:47.338757 1fa8        Options.compaction_filter: None
2022/09/01-20:24:47.338760 1fa8        Options.compaction_filter_factory: None
2022/09/01-20:24:47.338764 1fa8  Options.sst_partitioner_factory: None
2022/09/01-20:24:47.338767 1fa8         Options.memtable_factory: SkipListFactory
2022/09/01-20:24:47.338770 1fa8            Options.table_factory: BlockBasedTable
2022/09/01-20:24:47.338788 1fa8            table_factory options:   flush_block_policy_factory: FlushBlockBySizePolicyFactory (0000000057A11D10)
  cache_index_and_filter_blocks: 0
  cache_index_and_filter_blocks_with_high_priority: 1
  pin_l0_filter_and_index_blocks_in_cache: 0
  pin_top_level_index_and_filter: 1
  index_type: 0
  data_block_index_type: 0
  index_shortening: 1
  data_block_hash_table_util_ratio: 0.750000
  checksum: 1
  no_block_cache: 0
  block_cache: 000000005EA71AE0
  block_cache_name: LRUCache
  block_cache_options:
    capacity : 8388608
    num_shard_bits : 4
    strict_capacity_limit : 0
    memory_allocator : None
    high_pri_pool_ratio: 0.000
  block_cache_compressed: 0000000000000000
  persistent_cache: 0000000000000000
  block_size: 4096
  block_size_deviation: 10
  block_restart_interval: 16
  index_block_restart_interval: 1
  metadata_block_size: 4096
  partition_filters: 0
  use_delta_encoding: 1
  filter_policy: nullptr
  whole_key_filtering: 1
  verify_compression: 0
  read_amp_bytes_per_bit: 0
  format_version: 5
  enable_index_compression: 1
  block_align: 0
  max_auto_readahead_size: 262144
  prepopulate_block_cache: 0
  initial_auto_readahead_size: 8192
2022/09/01-20:24:47.338792 1fa8        Options.write_buffer_size: 67108864
2022/09/01-20:24:47.338795 1fa8  Options.max_write_buffer_number: 2
2022/09/01-20:24:47.338798 1fa8          Options.compression: ZSTD
2022/09/01-20:24:47.338801 1fa8                  Options.bottommost_compression: Disabled
2022/09/01-20:24:47.338804 1fa8       Options.prefix_extractor: nullptr
2022/09/01-20:24:47.338807 1fa8   Options.memtable_insert_with_hint_prefix_extractor: nullptr
2022/09/01-20:24:47.338810 1fa8             Options.num_levels: 7
2022/09/01-20:24:47.338813 1fa8        Options.min_write_buffer_number_to_merge: 1
2022/09/01-20:24:47.338816 1fa8     Options.max_write_buffer_number_to_maintain: 0
2022/09/01-20:24:47.338819 1fa8     Options.max_write_buffer_size_to_maintain: 134217728
2022/09/01-20:24:47.338822 1fa8            Options.bottommost_compression_opts.window_bits: -14
2022/09/01-20:24:47.338825 1fa8                  Options.bottommost_compression_opts.level: 32767
2022/09/01-20:24:47.338829 1fa8               Options.bottommost_compression_opts.strategy: 0
2022/09/01-20:24:47.338832 1fa8         Options.bottommost_compression_opts.max_dict_bytes: 0
2022/09/01-20:24:47.338835 1fa8         Options.bottommost_compression_opts.zstd_max_train_bytes: 0
2022/09/01-20:24:47.338838 1fa8         Options.bottommost_compression_opts.parallel_threads: 1
2022/09/01-20:24:47.338841 1fa8                  Options.bottommost_compression_opts.enabled: false
2022/09/01-20:24:47.338844 1fa8         Options.bottommost_compression_opts.max_dict_buffer_bytes: 0
2022/09/01-20:24:47.338847 1fa8         Options.bottommost_compression_opts.use_zstd_dict_trainer: true
2022/09/01-20:24:47.338850 1fa8            Options.compression_opts.window_bits: -14
2022/09/01-20:24:47.338853 1fa8                  Options.compression_opts.level: 32767
2022/09/01-20:24:47.338858 1fa8               Options.compression_opts.strategy: 0
2022/09/01-20:24:47.338862 1fa8         Options.compression_opts.max_dict_bytes: 0
2022/09/01-20:24:47.338865 1fa8         Options.compression_opts.zstd_max_train_bytes: 0
2022/09/01-20:24:47.338868 1fa8         Options.compression_opts.use_zstd_dict_trainer: true
2022/09/01-20:24:47.338871 1fa8         Options.compression_opts.parallel_threads: 1
2022/09/01-20:24:47.338874 1fa8                  Options.compression_opts.enabled: false
2022/09/01-20:24:47.338877 1fa8         Options.compression_opts.max_dict_buffer_bytes: 0
2022/09/01-20:24:47.338880 1fa8      Options.level0_file_num_compaction_trigger: 4
2022/09/01-20:24:47.338883 1fa8          Options.level0_slowdown_writes_trigger: 20
2022/09/01-20:24:47.338886 1fa8              Options.level0_stop_writes_trigger: 36
2022/09/01-20:24:47.338889 1fa8                   Options.target_file_size_base: 67108864
2022/09/01-20:24:47.338892 1fa8             Options.target_file_size_multiplier: 1
2022/09/01-20:24:47.338895 1fa8                Options.max_bytes_for_level_base: 268435456
2022/09/01-20:24:47.338898 1fa8 Options.level_compaction_dynamic_level_bytes: 0
2022/09/01-20:24:47.338901 1fa8          Options.max_bytes_for_level_multiplier: 10.000000
2022/09/01-20:24:47.338905 1fa8 Options.max_bytes_for_level_multiplier_addtl[0]: 1
2022/09/01-20:24:47.338908 1fa8 Options.max_bytes_for_level_multiplier_addtl[1]: 1
2022/09/01-20:24:47.338911 1fa8 Options.max_bytes_for_level_multiplier_addtl[2]: 1
2022/09/01-20:24:47.338914 1fa8 Options.max_bytes_for_level_multiplier_addtl[3]: 1
2022/09/01-20:24:47.338917 1fa8 Options.max_bytes_for_level_multiplier_addtl[4]: 1
2022/09/01-20:24:47.338920 1fa8 Options.max_bytes_for_level_multiplier_addtl[5]: 1
2022/09/01-20:24:47.338923 1fa8 Options.max_bytes_for_level_multiplier_addtl[6]: 1
2022/09/01-20:24:47.338926 1fa8       Options.max_sequential_skip_in_iterations: 8
2022/09/01-20:24:47.338929 1fa8                    Options.max_compaction_bytes: 1677721600
2022/09/01-20:24:47.338932 1fa8                        Options.arena_block_size: 1048576
2022/09/01-20:24:47.338935 1fa8   Options.soft_pending_compaction_bytes_limit: 68719476736
2022/09/01-20:24:47.338938 1fa8   Options.hard_pending_compaction_bytes_limit: 274877906944
2022/09/01-20:24:47.338942 1fa8                Options.disable_auto_compactions: 1
2022/09/01-20:24:47.338945 1fa8                        Options.compaction_style: kCompactionStyleLevel
2022/09/01-20:24:47.338949 1fa8                          Options.compaction_pri: kMinOverlappingRatio
2022/09/01-20:24:47.338952 1fa8 Options.compaction_options_universal.size_ratio: 1
2022/09/01-20:24:47.338955 1fa8 Options.compaction_options_universal.min_merge_width: 2
2022/09/01-20:24:47.338958 1fa8 Options.compaction_options_universal.max_merge_width: 4294967295
2022/09/01-20:24:47.338961 1fa8 Options.compaction_options_universal.max_size_amplification_percent: 200
2022/09/01-20:24:47.338964 1fa8 Options.compaction_options_universal.compression_size_percent: -1
2022/09/01-20:24:47.338967 1fa8 Options.compaction_options_universal.stop_style: kCompactionStopStyleTotalSize
2022/09/01-20:24:47.338971 1fa8 Options.compaction_options_fifo.max_table_files_size: 1073741824
2022/09/01-20:24:47.338974 1fa8 Options.compaction_options_fifo.allow_compaction: 0
2022/09/01-20:24:47.338978 1fa8                   Options.table_properties_collectors: 
2022/09/01-20:24:47.338981 1fa8                   Options.inplace_update_support: 0
2022/09/01-20:24:47.338984 1fa8                 Options.inplace_update_num_locks: 10000
2022/09/01-20:24:47.338988 1fa8               Options.memtable_prefix_bloom_size_ratio: 0.000000
2022/09/01-20:24:47.338991 1fa8               Options.memtable_whole_key_filtering: 0
2022/09/01-20:24:47.338994 1fa8   Options.memtable_huge_page_size: 0
2022/09/01-20:24:47.338997 1fa8                           Options.bloom_locality: 0
2022/09/01-20:24:47.339000 1fa8                    Options.max_successive_merges: 0
2022/09/01-20:24:47.339003 1fa8                Options.optimize_filters_for_hits: 0
2022/09/01-20:24:47.339007 1fa8                Options.paranoid_file_checks: 0
2022/09/01-20:24:47.339011 1fa8                Options.force_consistency_checks: 1
2022/09/01-20:24:47.339014 1fa8                Options.report_bg_io_stats: 0
2022/09/01-20:24:47.339017 1fa8                               Options.ttl: 2592000
2022/09/01-20:24:47.339020 1fa8          Options.periodic_compaction_seconds: 0
2022/09/01-20:24:47.339023 1fa8                       Options.enable_blob_files: false
2022/09/01-20:24:47.339026 1fa8                           Options.min_blob_size: 0
2022/09/01-20:24:47.339029 1fa8                          Options.blob_file_size: 268435456
2022/09/01-20:24:47.339032 1fa8                   Options.blob_compression_type: NoCompression
2022/09/01-20:24:47.339035 1fa8          Options.enable_blob_garbage_collection: false
2022/09/01-20:24:47.339038 1fa8      Options.blob_garbage_collection_age_cutoff: 0.250000
2022/09/01-20:24:47.339042 1fa8 Options.blob_garbage_collection_force_threshold: 1.000000
2022/09/01-20:24:47.339045 1fa8          Options.blob_compaction_readahead_size: 0
2022/09/01-20:24:47.340000 1fa8 [db\version_set.cc:4966] Recovered from manifest file:D:\.jurassicraft\saves\Isla Nublar Jurassic Craft So1\DIM-83\fp2\voxel/MANIFEST-000001 succeeded,manifest_file_number is 1, next_file_number is 3, last_sequence is 0, log_number is 0,prev_log_number is 0,max_column_family is 0,min_log_number_to_keep is 0
2022/09/01-20:24:47.340009 1fa8 [db\version_set.cc:4975] Column family [default] (ID 0), log number is 0
2022/09/01-20:24:47.343597 1fa8 [db\version_set.cc:4437] Creating manifest 5
2022/09/01-20:24:47.347526 1fa8 [db\column_family.cc:614] --------------- Options for column family [tile_timestamp]:
2022/09/01-20:24:47.347533 1fa8               Options.comparator: leveldb.BytewiseComparator
2022/09/01-20:24:47.347537 1fa8           Options.merge_operator: None
2022/09/01-20:24:47.347541 1fa8        Options.compaction_filter: None
2022/09/01-20:24:47.347544 1fa8        Options.compaction_filter_factory: None
2022/09/01-20:24:47.347547 1fa8  Options.sst_partitioner_factory: None
2022/09/01-20:24:47.347550 1fa8         Options.memtable_factory: SkipListFactory
2022/09/01-20:24:47.347553 1fa8            Options.table_factory: BlockBasedTable
2022/09/01-20:24:47.347568 1fa8            table_factory options:   flush_block_policy_factory: FlushBlockBySizePolicyFactory (0000000057A11D10)
  cache_index_and_filter_blocks: 0
  cache_index_and_filter_blocks_with_high_priority: 1
  pin_l0_filter_and_index_blocks_in_cache: 0
  pin_top_level_index_and_filter: 1
  index_type: 0
  data_block_index_type: 0
  index_shortening: 1
  data_block_hash_table_util_ratio: 0.750000
  checksum: 1
  no_block_cache: 0
  block_cache: 000000005EA71AE0
  block_cache_name: LRUCache
  block_cache_options:
    capacity : 8388608
    num_shard_bits : 4
    strict_capacity_limit : 0
    memory_allocator : None
    high_pri_pool_ratio: 0.000
  block_cache_compressed: 0000000000000000
  persistent_cache: 0000000000000000
  block_size: 4096
  block_size_deviation: 10
  block_restart_interval: 16
  index_block_restart_interval: 1
  metadata_block_size: 4096
  partition_filters: 0
  use_delta_encoding: 1
  filter_policy: nullptr
  whole_key_filtering: 1
  verify_compression: 0
  read_amp_bytes_per_bit: 0
  format_version: 5
  enable_index_compression: 1
  block_align: 0
  max_auto_readahead_size: 262144
  prepopulate_block_cache: 0
  initial_auto_readahead_size: 8192
2022/09/01-20:24:47.347572 1fa8        Options.write_buffer_size: 67108864
2022/09/01-20:24:47.347575 1fa8  Options.max_write_buffer_number: 2
2022/09/01-20:24:47.347578 1fa8          Options.compression: ZSTD
2022/09/01-20:24:47.347581 1fa8                  Options.bottommost_compression: Disabled
2022/09/01-20:24:47.347584 1fa8       Options.prefix_extractor: nullptr
2022/09/01-20:24:47.347587 1fa8   Options.memtable_insert_with_hint_prefix_extractor: nullptr
2022/09/01-20:24:47.347590 1fa8             Options.num_levels: 7
2022/09/01-20:24:47.347595 1fa8        Options.min_write_buffer_number_to_merge: 1
2022/09/01-20:24:47.347599 1fa8     Options.max_write_buffer_number_to_maintain: 0
2022/09/01-20:24:47.347602 1fa8     Options.max_write_buffer_size_to_maintain: 134217728
2022/09/01-20:24:47.347605 1fa8            Options.bottommost_compression_opts.window_bits: -14
2022/09/01-20:24:47.347608 1fa8                  Options.bottommost_compression_opts.level: 32767
2022/09/01-20:24:47.347611 1fa8               Options.bottommost_compression_opts.strategy: 0
2022/09/01-20:24:47.347615 1fa8         Options.bottommost_compression_opts.max_dict_bytes: 0
2022/09/01-20:24:47.347618 1fa8         Options.bottommost_compression_opts.zstd_max_train_bytes: 0
2022/09/01-20:24:47.347621 1fa8         Options.bottommost_compression_opts.parallel_threads: 1
2022/09/01-20:24:47.347624 1fa8                  Options.bottommost_compression_opts.enabled: false
2022/09/01-20:24:47.347627 1fa8         Options.bottommost_compression_opts.max_dict_buffer_bytes: 0
2022/09/01-20:24:47.347630 1fa8         Options.bottommost_compression_opts.use_zstd_dict_trainer: true
2022/09/01-20:24:47.347633 1fa8            Options.compression_opts.window_bits: -14
2022/09/01-20:24:47.347636 1fa8                  Options.compression_opts.level: 32767
2022/09/01-20:24:47.347639 1fa8               Options.compression_opts.strategy: 0
2022/09/01-20:24:47.347642 1fa8         Options.compression_opts.max_dict_bytes: 0
2022/09/01-20:24:47.347645 1fa8         Options.compression_opts.zstd_max_train_bytes: 0
2022/09/01-20:24:47.347648 1fa8         Options.compression_opts.use_zstd_dict_trainer: true
2022/09/01-20:24:47.347651 1fa8         Options.compression_opts.parallel_threads: 1
2022/09/01-20:24:47.347654 1fa8                  Options.compression_opts.enabled: false
2022/09/01-20:24:47.347657 1fa8         Options.compression_opts.max_dict_buffer_bytes: 0
2022/09/01-20:24:47.347660 1fa8      Options.level0_file_num_compaction_trigger: 4
2022/09/01-20:24:47.347663 1fa8          Options.level0_slowdown_writes_trigger: 20
2022/09/01-20:24:47.347666 1fa8              Options.level0_stop_writes_trigger: 36
2022/09/01-20:24:47.347669 1fa8                   Options.target_file_size_base: 67108864
2022/09/01-20:24:47.347672 1fa8             Options.target_file_size_multiplier: 1
2022/09/01-20:24:47.347675 1fa8                Options.max_bytes_for_level_base: 268435456
2022/09/01-20:24:47.347678 1fa8 Options.level_compaction_dynamic_level_bytes: 0
2022/09/01-20:24:47.347681 1fa8          Options.max_bytes_for_level_multiplier: 10.000000
2022/09/01-20:24:47.347684 1fa8 Options.max_bytes_for_level_multiplier_addtl[0]: 1
2022/09/01-20:24:47.347687 1fa8 Options.max_bytes_for_level_multiplier_addtl[1]: 1
2022/09/01-20:24:47.347690 1fa8 Options.max_bytes_for_level_multiplier_addtl[2]: 1
2022/09/01-20:24:47.347693 1fa8 Options.max_bytes_for_level_multiplier_addtl[3]: 1
2022/09/01-20:24:47.347696 1fa8 Options.max_bytes_for_level_multiplier_addtl[4]: 1
2022/09/01-20:24:47.347699 1fa8 Options.max_bytes_for_level_multiplier_addtl[5]: 1
2022/09/01-20:24:47.347702 1fa8 Options.max_bytes_for_level_multiplier_addtl[6]: 1
2022/09/01-20:24:47.347705 1fa8       Options.max_sequential_skip_in_iterations: 8
2022/09/01-20:24:47.347708 1fa8                    Options.max_compaction_bytes: 1677721600
2022/09/01-20:24:47.347711 1fa8                        Options.arena_block_size: 1048576
2022/09/01-20:24:47.347714 1fa8   Options.soft_pending_compaction_bytes_limit: 68719476736
2022/09/01-20:24:47.347717 1fa8   Options.hard_pending_compaction_bytes_limit: 274877906944
2022/09/01-20:24:47.347720 1fa8                Options.disable_auto_compactions: 1
2022/09/01-20:24:47.347723 1fa8                        Options.compaction_style: kCompactionStyleLevel
2022/09/01-20:24:47.347727 1fa8                          Options.compaction_pri: kMinOverlappingRatio
2022/09/01-20:24:47.347730 1fa8 Options.compaction_options_universal.size_ratio: 1
2022/09/01-20:24:47.347733 1fa8 Options.compaction_options_universal.min_merge_width: 2
2022/09/01-20:24:47.347736 1fa8 Options.compaction_options_universal.max_merge_width: 4294967295
2022/09/01-20:24:47.347740 1fa8 Options.compaction_options_universal.max_size_amplification_percent: 200
2022/09/01-20:24:47.347743 1fa8 Options.compaction_options_universal.compression_size_percent: -1
2022/09/01-20:24:47.347746 1fa8 Options.compaction_options_universal.stop_style: kCompactionStopStyleTotalSize
2022/09/01-20:24:47.347749 1fa8 Options.compaction_options_fifo.max_table_files_size: 1073741824
2022/09/01-20:24:47.347753 1fa8 Options.compaction_options_fifo.allow_compaction: 0
2022/09/01-20:24:47.347756 1fa8                   Options.table_properties_collectors: 
2022/09/01-20:24:47.347759 1fa8                   Options.inplace_update_support: 0
2022/09/01-20:24:47.347762 1fa8                 Options.inplace_update_num_locks: 10000
2022/09/01-20:24:47.347765 1fa8               Options.memtable_prefix_bloom_size_ratio: 0.000000
2022/09/01-20:24:47.347769 1fa8               Options.memtable_whole_key_filtering: 0
2022/09/01-20:24:47.347772 1fa8   Options.memtable_huge_page_size: 0
2022/09/01-20:24:47.347775 1fa8                           Options.bloom_locality: 0
2022/09/01-20:24:47.347778 1fa8                    Options.max_successive_merges: 0
2022/09/01-20:24:47.347781 1fa8                Options.optimize_filters_for_hits: 0
2022/09/01-20:24:47.347784 1fa8                Options.paranoid_file_checks: 0
2022/09/01-20:24:47.347787 1fa8                Options.force_consistency_checks: 1
2022/09/01-20:24:47.347790 1fa8                Options.report_bg_io_stats: 0
2022/09/01-20:24:47.347793 1fa8                               Options.ttl: 2592000
2022/09/01-20:24:47.347795 1fa8          Options.periodic_compaction_seconds: 0
2022/09/01-20:24:47.347798 1fa8                       Options.enable_blob_files: false
2022/09/01-20:24:47.347801 1fa8                           Options.min_blob_size: 0
2022/09/01-20:24:47.347804 1fa8                          Options.blob_file_size: 268435456
2022/09/01-20:24:47.347807 1fa8                   Options.blob_compression_type: NoCompression
2022/09/01-20:24:47.347810 1fa8          Options.enable_blob_garbage_collection: false
2022/09/01-20:24:47.347813 1fa8      Options.blob_garbage_collection_age_cutoff: 0.250000
2022/09/01-20:24:47.347817 1fa8 Options.blob_garbage_collection_force_threshold: 1.000000
2022/09/01-20:24:47.347820 1fa8          Options.blob_compaction_readahead_size: 0
2022/09/01-20:24:47.347961 1fa8 [db\db_impl\db_impl.cc:2792] Created column family [tile_timestamp] (ID 1)
2022/09/01-20:24:47.355000 1fa8 [db\column_family.cc:614] --------------- Options for column family [tile_dirty_timestamp]:
2022/09/01-20:24:47.355008 1fa8               Options.comparator: leveldb.BytewiseComparator
2022/09/01-20:24:47.355012 1fa8           Options.merge_operator: None
2022/09/01-20:24:47.355015 1fa8        Options.compaction_filter: None
2022/09/01-20:24:47.355018 1fa8        Options.compaction_filter_factory: None
2022/09/01-20:24:47.355021 1fa8  Options.sst_partitioner_factory: None
2022/09/01-20:24:47.355024 1fa8         Options.memtable_factory: SkipListFactory
2022/09/01-20:24:47.355027 1fa8            Options.table_factory: BlockBasedTable
2022/09/01-20:24:47.355041 1fa8            table_factory options:   flush_block_policy_factory: FlushBlockBySizePolicyFactory (0000000057A11D10)
  cache_index_and_filter_blocks: 0
  cache_index_and_filter_blocks_with_high_priority: 1
  pin_l0_filter_and_index_blocks_in_cache: 0
  pin_top_level_index_and_filter: 1
  index_type: 0
  data_block_index_type: 0
  index_shortening: 1
  data_block_hash_table_util_ratio: 0.750000
  checksum: 1
  no_block_cache: 0
  block_cache: 000000005EA71AE0
  block_cache_name: LRUCache
  block_cache_options:
    capacity : 8388608
    num_shard_bits : 4
    strict_capacity_limit : 0
    memory_allocator : None
    high_pri_pool_ratio: 0.000
  block_cache_compressed: 0000000000000000
  persistent_cache: 0000000000000000
  block_size: 4096
  block_size_deviation: 10
  block_restart_interval: 16
  index_block_restart_interval: 1
  metadata_block_size: 4096
  partition_filters: 0
  use_delta_encoding: 1
  filter_policy: nullptr
  whole_key_filtering: 1
  verify_compression: 0
  read_amp_bytes_per_bit: 0
  format_version: 5
  enable_index_compression: 1
  block_align: 0
  max_auto_readahead_size: 262144
  prepopulate_block_cache: 0
  initial_auto_readahead_size: 8192
2022/09/01-20:24:47.355046 1fa8        Options.write_buffer_size: 67108864
2022/09/01-20:24:47.355051 1fa8  Options.max_write_buffer_number: 2
2022/09/01-20:24:47.355054 1fa8          Options.compression: ZSTD
2022/09/01-20:24:47.355057 1fa8                  Options.bottommost_compression: Disabled
2022/09/01-20:24:47.355060 1fa8       Options.prefix_extractor: nullptr
2022/09/01-20:24:47.355063 1fa8   Options.memtable_insert_with_hint_prefix_extractor: nullptr
2022/09/01-20:24:47.355066 1fa8             Options.num_levels: 7
2022/09/01-20:24:47.355069 1fa8        Options.min_write_buffer_number_to_merge: 1
2022/09/01-20:24:47.355072 1fa8     Options.max_write_buffer_number_to_maintain: 0
2022/09/01-20:24:47.355075 1fa8     Options.max_write_buffer_size_to_maintain: 134217728
2022/09/01-20:24:47.355078 1fa8            Options.bottommost_compression_opts.window_bits: -14
2022/09/01-20:24:47.355081 1fa8                  Options.bottommost_compression_opts.level: 32767
2022/09/01-20:24:47.355084 1fa8               Options.bottommost_compression_opts.strategy: 0
2022/09/01-20:24:47.355087 1fa8         Options.bottommost_compression_opts.max_dict_bytes: 0
2022/09/01-20:24:47.355090 1fa8         Options.bottommost_compression_opts.zstd_max_train_bytes: 0
2022/09/01-20:24:47.355094 1fa8         Options.bottommost_compression_opts.parallel_threads: 1
2022/09/01-20:24:47.355097 1fa8                  Options.bottommost_compression_opts.enabled: false
2022/09/01-20:24:47.355100 1fa8         Options.bottommost_compression_opts.max_dict_buffer_bytes: 0
2022/09/01-20:24:47.355103 1fa8         Options.bottommost_compression_opts.use_zstd_dict_trainer: true
2022/09/01-20:24:47.355106 1fa8            Options.compression_opts.window_bits: -14
2022/09/01-20:24:47.355109 1fa8                  Options.compression_opts.level: 32767
2022/09/01-20:24:47.355112 1fa8               Options.compression_opts.strategy: 0
2022/09/01-20:24:47.355115 1fa8         Options.compression_opts.max_dict_bytes: 0
2022/09/01-20:24:47.355118 1fa8         Options.compression_opts.zstd_max_train_bytes: 0
2022/09/01-20:24:47.355121 1fa8         Options.compression_opts.use_zstd_dict_trainer: true
2022/09/01-20:24:47.355124 1fa8         Options.compression_opts.parallel_threads: 1
2022/09/01-20:24:47.355127 1fa8                  Options.compression_opts.enabled: false
2022/09/01-20:24:47.355130 1fa8         Options.compression_opts.max_dict_buffer_bytes: 0
2022/09/01-20:24:47.355133 1fa8      Options.level0_file_num_compaction_trigger: 4
2022/09/01-20:24:47.355136 1fa8          Options.level0_slowdown_writes_trigger: 20
2022/09/01-20:24:47.355139 1fa8              Options.level0_stop_writes_trigger: 36
2022/09/01-20:24:47.355142 1fa8                   Options.target_file_size_base: 67108864
2022/09/01-20:24:47.355145 1fa8             Options.target_file_size_multiplier: 1
2022/09/01-20:24:47.355148 1fa8                Options.max_bytes_for_level_base: 268435456
2022/09/01-20:24:47.355151 1fa8 Options.level_compaction_dynamic_level_bytes: 0
2022/09/01-20:24:47.355154 1fa8          Options.max_bytes_for_level_multiplier: 10.000000
2022/09/01-20:24:47.355158 1fa8 Options.max_bytes_for_level_multiplier_addtl[0]: 1
2022/09/01-20:24:47.355161 1fa8 Options.max_bytes_for_level_multiplier_addtl[1]: 1
2022/09/01-20:24:47.355164 1fa8 Options.max_bytes_for_level_multiplier_addtl[2]: 1
2022/09/01-20:24:47.355167 1fa8 Options.max_bytes_for_level_multiplier_addtl[3]: 1
2022/09/01-20:24:47.355170 1fa8 Options.max_bytes_for_level_multiplier_addtl[4]: 1
2022/09/01-20:24:47.355173 1fa8 Options.max_bytes_for_level_multiplier_addtl[5]: 1
2022/09/01-20:24:47.355176 1fa8 Options.max_bytes_for_level_multiplier_addtl[6]: 1
2022/09/01-20:24:47.355179 1fa8       Options.max_sequential_skip_in_iterations: 8
2022/09/01-20:24:47.355183 1fa8                    Options.max_compaction_bytes: 1677721600
2022/09/01-20:24:47.355187 1fa8                        Options.arena_block_size: 1048576
2022/09/01-20:24:47.355190 1fa8   Options.soft_pending_compaction_bytes_limit: 68719476736
2022/09/01-20:24:47.355193 1fa8   Options.hard_pending_compaction_bytes_limit: 274877906944
2022/09/01-20:24:47.355196 1fa8                Options.disable_auto_compactions: 1
2022/09/01-20:24:47.355199 1fa8                        Options.compaction_style: kCompactionStyleLevel
2022/09/01-20:24:47.355202 1fa8                          Options.compaction_pri: kMinOverlappingRatio
2022/09/01-20:24:47.355205 1fa8 Options.compaction_options_universal.size_ratio: 1
2022/09/01-20:24:47.355208 1fa8 Options.compaction_options_universal.min_merge_width: 2
2022/09/01-20:24:47.355211 1fa8 Options.compaction_options_universal.max_merge_width: 4294967295
2022/09/01-20:24:47.355214 1fa8 Options.compaction_options_universal.max_size_amplification_percent: 200
2022/09/01-20:24:47.355217 1fa8 Options.compaction_options_universal.compression_size_percent: -1
2022/09/01-20:24:47.355221 1fa8 Options.compaction_options_universal.stop_style: kCompactionStopStyleTotalSize
2022/09/01-20:24:47.355224 1fa8 Options.compaction_options_fifo.max_table_files_size: 1073741824
2022/09/01-20:24:47.355227 1fa8 Options.compaction_options_fifo.allow_compaction: 0
2022/09/01-20:24:47.355231 1fa8                   Options.table_properties_collectors: 
2022/09/01-20:24:47.355234 1fa8                   Options.inplace_update_support: 0
2022/09/01-20:24:47.355237 1fa8                 Options.inplace_update_num_locks: 10000
2022/09/01-20:24:47.355240 1fa8               Options.memtable_prefix_bloom_size_ratio: 0.000000
2022/09/01-20:24:47.355243 1fa8               Options.memtable_whole_key_filtering: 0
2022/09/01-20:24:47.355246 1fa8   Options.memtable_huge_page_size: 0
2022/09/01-20:24:47.355249 1fa8                           Options.bloom_locality: 0
2022/09/01-20:24:47.355252 1fa8                    Options.max_successive_merges: 0
2022/09/01-20:24:47.355255 1fa8                Options.optimize_filters_for_hits: 0
2022/09/01-20:24:47.355258 1fa8                Options.paranoid_file_checks: 0
2022/09/01-20:24:47.355261 1fa8                Options.force_consistency_checks: 1
2022/09/01-20:24:47.355264 1fa8                Options.report_bg_io_stats: 0
2022/09/01-20:24:47.355267 1fa8                               Options.ttl: 2592000
2022/09/01-20:24:47.355270 1fa8          Options.periodic_compaction_seconds: 0
2022/09/01-20:24:47.355273 1fa8                       Options.enable_blob_files: false
2022/09/01-20:24:47.355276 1fa8                           Options.min_blob_size: 0
2022/09/01-20:24:47.355280 1fa8                          Options.blob_file_size: 268435456
2022/09/01-20:24:47.355283 1fa8                   Options.blob_compression_type: NoCompression
2022/09/01-20:24:47.355286 1fa8          Options.enable_blob_garbage_collection: false
2022/09/01-20:24:47.355289 1fa8      Options.blob_garbage_collection_age_cutoff: 0.250000
2022/09/01-20:24:47.355292 1fa8 Options.blob_garbage_collection_force_threshold: 1.000000
2022/09/01-20:24:47.355296 1fa8          Options.blob_compaction_readahead_size: 0
2022/09/01-20:24:47.355437 1fa8 [db\db_impl\db_impl.cc:2792] Created column family [tile_dirty_timestamp] (ID 2)
2022/09/01-20:24:47.363508 1fa8 [db\column_family.cc:614] --------------- Options for column family [tile_data]:
2022/09/01-20:24:47.363516 1fa8               Options.comparator: leveldb.BytewiseComparator
2022/09/01-20:24:47.363520 1fa8           Options.merge_operator: None
2022/09/01-20:24:47.363523 1fa8        Options.compaction_filter: None
2022/09/01-20:24:47.363526 1fa8        Options.compaction_filter_factory: None
2022/09/01-20:24:47.363529 1fa8  Options.sst_partitioner_factory: None
2022/09/01-20:24:47.363532 1fa8         Options.memtable_factory: SkipListFactory
2022/09/01-20:24:47.363535 1fa8            Options.table_factory: BlockBasedTable
2022/09/01-20:24:47.363552 1fa8            table_factory options:   flush_block_policy_factory: FlushBlockBySizePolicyFactory (0000000057A11D10)
  cache_index_and_filter_blocks: 0
  cache_index_and_filter_blocks_with_high_priority: 1
  pin_l0_filter_and_index_blocks_in_cache: 0
  pin_top_level_index_and_filter: 1
  index_type: 0
  data_block_index_type: 0
  index_shortening: 1
  data_block_hash_table_util_ratio: 0.750000
  checksum: 1
  no_block_cache: 0
  block_cache: 000000005EA71AE0
  block_cache_name: LRUCache
  block_cache_options:
    capacity : 8388608
    num_shard_bits : 4
    strict_capacity_limit : 0
    memory_allocator : None
    high_pri_pool_ratio: 0.000
  block_cache_compressed: 0000000000000000
  persistent_cache: 0000000000000000
  block_size: 4096
  block_size_deviation: 10
  block_restart_interval: 16
  index_block_restart_interval: 1
  metadata_block_size: 4096
  partition_filters: 0
  use_delta_encoding: 1
  filter_policy: nullptr
  whole_key_filtering: 1
  verify_compression: 0
  read_amp_bytes_per_bit: 0
  format_version: 5
  enable_index_compression: 1
  block_align: 0
  max_auto_readahead_size: 262144
  prepopulate_block_cache: 0
  initial_auto_readahead_size: 8192
2022/09/01-20:24:47.363556 1fa8        Options.write_buffer_size: 67108864
2022/09/01-20:24:47.363560 1fa8  Options.max_write_buffer_number: 2
2022/09/01-20:24:47.363563 1fa8          Options.compression: ZSTD
2022/09/01-20:24:47.363566 1fa8                  Options.bottommost_compression: Disabled
2022/09/01-20:24:47.363569 1fa8       Options.prefix_extractor: nullptr
2022/09/01-20:24:47.363572 1fa8   Options.memtable_insert_with_hint_prefix_extractor: nullptr
2022/09/01-20:24:47.363575 1fa8             Options.num_levels: 7
2022/09/01-20:24:47.363578 1fa8        Options.min_write_buffer_number_to_merge: 1
2022/09/01-20:24:47.363581 1fa8     Options.max_write_buffer_number_to_maintain: 0
2022/09/01-20:24:47.363584 1fa8     Options.max_write_buffer_size_to_maintain: 134217728
2022/09/01-20:24:47.363587 1fa8            Options.bottommost_compression_opts.window_bits: -14
2022/09/01-20:24:47.363590 1fa8                  Options.bottommost_compression_opts.level: 32767
2022/09/01-20:24:47.363593 1fa8               Options.bottommost_compression_opts.strategy: 0
2022/09/01-20:24:47.363596 1fa8         Options.bottommost_compression_opts.max_dict_bytes: 0
2022/09/01-20:24:47.363599 1fa8         Options.bottommost_compression_opts.zstd_max_train_bytes: 0
2022/09/01-20:24:47.363602 1fa8         Options.bottommost_compression_opts.parallel_threads: 1
2022/09/01-20:24:47.363605 1fa8                  Options.bottommost_compression_opts.enabled: false
2022/09/01-20:24:47.363608 1fa8         Options.bottommost_compression_opts.max_dict_buffer_bytes: 0
2022/09/01-20:24:47.363611 1fa8         Options.bottommost_compression_opts.use_zstd_dict_trainer: true
2022/09/01-20:24:47.363614 1fa8            Options.compression_opts.window_bits: -14
2022/09/01-20:24:47.363617 1fa8                  Options.compression_opts.level: 32767
