2022/09/01-20:24:47.436736 1fa8 RocksDB version: 7.3.1
2022/09/01-20:24:47.436775 1fa8 Git sha 8e0f495253f62904a4ca6d3ec6a03391a12b0a45
2022/09/01-20:24:47.436788 1fa8 Compile date 2022-06-14 08:01:14
2022/09/01-20:24:47.436798 1fa8 DB SUMMARY
2022/09/01-20:24:47.436807 1fa8 DB Session ID:  NWYEJ9DEN0PYSA4ZAFER
2022/09/01-20:24:47.436980 1fa8 SST files in D:\.jurassicraft\saves\Isla Nublar Jurassic Craft So1\DIM-83\fp2\heightmap dir, Total Num: 0, files: 
2022/09/01-20:24:47.436994 1fa8 Write Ahead Log file in D:\.jurassicraft\saves\Isla Nublar Jurassic Craft So1\DIM-83\fp2\heightmap: 
2022/09/01-20:24:47.437004 1fa8                         Options.error_if_exists: 0
2022/09/01-20:24:47.437012 1fa8                       Options.create_if_missing: 1
2022/09/01-20:24:47.437122 1fa8                         Options.paranoid_checks: 1
2022/09/01-20:24:47.437127 1fa8             Options.flush_verify_memtable_count: 1
2022/09/01-20:24:47.437131 1fa8                               Options.track_and_verify_wals_in_manifest: 0
2022/09/01-20:24:47.437134 1fa8        Options.verify_sst_unique_id_in_manifest: 0
2022/09/01-20:24:47.437137 1fa8                                     Options.env: 000000005EF4C2F0
2022/09/01-20:24:47.437140 1fa8                                      Options.fs: WinFS
2022/09/01-20:24:47.437143 1fa8                                Options.info_log: 000000006727AF30
2022/09/01-20:24:47.437146 1fa8                Options.max_file_opening_threads: 16
2022/09/01-20:24:47.437149 1fa8                              Options.statistics: 0000000000000000
2022/09/01-20:24:47.437152 1fa8                               Options.use_fsync: 0
2022/09/01-20:24:47.437155 1fa8                       Options.max_log_file_size: 0
2022/09/01-20:24:47.437158 1fa8                  Options.max_manifest_file_size: 1073741824
2022/09/01-20:24:47.437161 1fa8                   Options.log_file_time_to_roll: 0
2022/09/01-20:24:47.437164 1fa8                       Options.keep_log_file_num: 1
2022/09/01-20:24:47.437167 1fa8                    Options.recycle_log_file_num: 0
2022/09/01-20:24:47.437170 1fa8                         Options.allow_fallocate: 1
2022/09/01-20:24:47.437173 1fa8                        Options.allow_mmap_reads: 0
2022/09/01-20:24:47.437176 1fa8                       Options.allow_mmap_writes: 0
2022/09/01-20:24:47.437179 1fa8                        Options.use_direct_reads: 0
2022/09/01-20:24:47.437182 1fa8                        Options.use_direct_io_for_flush_and_compaction: 0
2022/09/01-20:24:47.437185 1fa8          Options.create_missing_column_families: 1
2022/09/01-20:24:47.437188 1fa8                              Options.db_log_dir: 
2022/09/01-20:24:47.437191 1fa8                                 Options.wal_dir: 
2022/09/01-20:24:47.437194 1fa8                Options.table_cache_numshardbits: 6
2022/09/01-20:24:47.437197 1fa8                         Options.WAL_ttl_seconds: 0
2022/09/01-20:24:47.437200 1fa8                       Options.WAL_size_limit_MB: 0
2022/09/01-20:24:47.437203 1fa8                        Options.max_write_batch_group_size_bytes: 1048576
2022/09/01-20:24:47.437206 1fa8             Options.manifest_preallocation_size: 4194304
2022/09/01-20:24:47.437209 1fa8                     Options.is_fd_close_on_exec: 1
2022/09/01-20:24:47.437212 1fa8                   Options.advise_random_on_open: 1
2022/09/01-20:24:47.437215 1fa8                   Options.experimental_mempurge_threshold: 0.000000
2022/09/01-20:24:47.437219 1fa8                    Options.db_write_buffer_size: 0
2022/09/01-20:24:47.437222 1fa8                    Options.write_buffer_manager: 000000005EF4C6B0
2022/09/01-20:24:47.437225 1fa8         Options.access_hint_on_compaction_start: 1
2022/09/01-20:24:47.437228 1fa8           Options.random_access_max_buffer_size: 1048576
2022/09/01-20:24:47.437231 1fa8                      Options.use_adaptive_mutex: 0
2022/09/01-20:24:47.437234 1fa8                            Options.rate_limiter: 0000000000000000
2022/09/01-20:24:47.437237 1fa8     Options.sst_file_manager.rate_bytes_per_sec: 0
2022/09/01-20:24:47.437242 1fa8                       Options.wal_recovery_mode: 2
2022/09/01-20:24:47.437246 1fa8                  Options.enable_thread_tracking: 0
2022/09/01-20:24:47.437249 1fa8                  Options.enable_pipelined_write: 0
2022/09/01-20:24:47.437252 1fa8                  Options.unordered_write: 0
2022/09/01-20:24:47.437255 1fa8         Options.allow_concurrent_memtable_write: 1
2022/09/01-20:24:47.437258 1fa8      Options.enable_write_thread_adaptive_yield: 1
2022/09/01-20:24:47.437261 1fa8             Options.write_thread_max_yield_usec: 100
2022/09/01-20:24:47.437264 1fa8            Options.write_thread_slow_yield_usec: 3
2022/09/01-20:24:47.437267 1fa8                               Options.row_cache: None
2022/09/01-20:24:47.437270 1fa8                              Options.wal_filter: None
2022/09/01-20:24:47.437273 1fa8             Options.avoid_flush_during_recovery: 0
2022/09/01-20:24:47.437276 1fa8             Options.allow_ingest_behind: 0
2022/09/01-20:24:47.437279 1fa8             Options.two_write_queues: 0
2022/09/01-20:24:47.437282 1fa8             Options.manual_wal_flush: 0
2022/09/01-20:24:47.437285 1fa8             Options.wal_compression: 0
2022/09/01-20:24:47.437288 1fa8             Options.atomic_flush: 0
2022/09/01-20:24:47.437291 1fa8             Options.avoid_unnecessary_blocking_io: 0
2022/09/01-20:24:47.437294 1fa8                 Options.persist_stats_to_disk: 0
2022/09/01-20:24:47.437297 1fa8                 Options.write_dbid_to_manifest: 0
2022/09/01-20:24:47.437299 1fa8                 Options.log_readahead_size: 0
2022/09/01-20:24:47.437302 1fa8                 Options.file_checksum_gen_factory: Unknown
2022/09/01-20:24:47.437305 1fa8                 Options.best_efforts_recovery: 0
2022/09/01-20:24:47.437308 1fa8                Options.max_bgerror_resume_count: 2147483647
2022/09/01-20:24:47.437311 1fa8            Options.bgerror_resume_retry_interval: 1000000
2022/09/01-20:24:47.437314 1fa8             Options.allow_data_in_errors: 0
2022/09/01-20:24:47.437317 1fa8             Options.db_host_id: __hostname__
2022/09/01-20:24:47.437320 1fa8             Options.enforce_single_del_contracts: true
2022/09/01-20:24:47.437323 1fa8             Options.max_background_jobs: 2
2022/09/01-20:24:47.437326 1fa8             Options.max_background_compactions: -1
2022/09/01-20:24:47.437329 1fa8             Options.max_subcompactions: 1
2022/09/01-20:24:47.437332 1fa8             Options.avoid_flush_during_shutdown: 0
2022/09/01-20:24:47.437335 1fa8           Options.writable_file_max_buffer_size: 1048576
2022/09/01-20:24:47.437338 1fa8             Options.delayed_write_rate : 16777216
2022/09/01-20:24:47.437341 1fa8             Options.max_total_wal_size: 0
2022/09/01-20:24:47.437344 1fa8             Options.delete_obsolete_files_period_micros: 21600000000
2022/09/01-20:24:47.437347 1fa8                   Options.stats_dump_period_sec: 600
2022/09/01-20:24:47.437350 1fa8                 Options.stats_persist_period_sec: 600
2022/09/01-20:24:47.437353 1fa8                 Options.stats_history_buffer_size: 1048576
2022/09/01-20:24:47.437356 1fa8                          Options.max_open_files: -1
2022/09/01-20:24:47.437359 1fa8                          Options.bytes_per_sync: 0
2022/09/01-20:24:47.437362 1fa8                      Options.wal_bytes_per_sync: 0
2022/09/01-20:24:47.437365 1fa8                   Options.strict_bytes_per_sync: 0
2022/09/01-20:24:47.437368 1fa8       Options.compaction_readahead_size: 0
2022/09/01-20:24:47.437371 1fa8                  Options.max_background_flushes: -1
2022/09/01-20:24:47.437374 1fa8 Compression algorithms supported:
2022/09/01-20:24:47.437377 1fa8 	kZSTD supported: 1
2022/09/01-20:24:47.437380 1fa8 	kSnappyCompression supported: 1
2022/09/01-20:24:47.437383 1fa8 	kBZip2Compression supported: 0
2022/09/01-20:24:47.437386 1fa8 	kZlibCompression supported: 1
2022/09/01-20:24:47.437389 1fa8 	kLZ4Compression supported: 1
2022/09/01-20:24:47.437392 1fa8 	kXpressCompression supported: 0
2022/09/01-20:24:47.437394 1fa8 	kLZ4HCCompression supported: 1
2022/09/01-20:24:47.437398 1fa8 	kZSTDNotFinalCompression supported: 1
2022/09/01-20:24:47.437402 1fa8 Fast CRC32 supported: Not supported on x86
2022/09/01-20:24:47.440279 1fa8 [db\db_impl\db_impl_open.cc:309] Creating manifest 1 
2022/09/01-20:24:47.444288 1fa8 [db\version_set.cc:4918] Recovering from manifest file: D:\.jurassicraft\saves\Isla Nublar Jurassic Craft So1\DIM-83\fp2\heightmap/MANIFEST-000001
2022/09/01-20:24:47.444699 1fa8 [db\column_family.cc:614] --------------- Options for column family [default]:
2022/09/01-20:24:47.444706 1fa8               Options.comparator: leveldb.BytewiseComparator
2022/09/01-20:24:47.444709 1fa8           Options.merge_operator: None
2022/09/01-20:24:47.444713 1fa8        Options.compaction_filter: None
2022/09/01-20:24:47.444716 1fa8        Options.compaction_filter_factory: None
2022/09/01-20:24:47.444719 1fa8  Options.sst_partitioner_factory: None
2022/09/01-20:24:47.444722 1fa8         Options.memtable_factory: SkipListFactory
2022/09/01-20:24:47.444725 1fa8            Options.table_factory: BlockBasedTable
2022/09/01-20:24:47.444739 1fa8            table_factory options:   flush_block_policy_factory: FlushBlockBySizePolicyFactory (0000000057A11D10)
  cache_index_and_filter_blocks: 0
  cache_index_and_filter_blocks_with_high_priority: 1
  pin_l0_filter_and_index_blocks_in_cache: 0
  pin_top_level_index_and_filter: 1
  index_type: 0
  data_block_index_type: 0
  index_shortening: 1
  data_block_hash_table_util_ratio: 0.750000
  checksum: 1
  no_block_cache: 0
  block_cache: 000000005EA71AE0
  block_cache_name: LRUCache
  block_cache_options:
    capacity : 8388608
    num_shard_bits : 4
    strict_capacity_limit : 0
    memory_allocator : None
    high_pri_pool_ratio: 0.000
  block_cache_compressed: 0000000000000000
  persistent_cache: 0000000000000000
  block_size: 4096
  block_size_deviation: 10
  block_restart_interval: 16
  index_block_restart_interval: 1
  metadata_block_size: 4096
  partition_filters: 0
  use_delta_encoding: 1
  filter_policy: nullptr
  whole_key_filtering: 1
  verify_compression: 0
  read_amp_bytes_per_bit: 0
  format_version: 5
  enable_index_compression: 1
  block_align: 0
  max_auto_readahead_size: 262144
  prepopulate_block_cache: 0
  initial_auto_readahead_size: 8192
2022/09/01-20:24:47.444743 1fa8        Options.write_buffer_size: 67108864
2022/09/01-20:24:47.444746 1fa8  Options.max_write_buffer_number: 2
2022/09/01-20:24:47.444749 1fa8          Options.compression: ZSTD
2022/09/01-20:24:47.444752 1fa8                  Options.bottommost_compression: Disabled
2022/09/01-20:24:47.444755 1fa8       Options.prefix_extractor: nullptr
2022/09/01-20:24:47.444758 1fa8   Options.memtable_insert_with_hint_prefix_extractor: nullptr
2022/09/01-20:24:47.444761 1fa8             Options.num_levels: 7
2022/09/01-20:24:47.444764 1fa8        Options.min_write_buffer_number_to_merge: 1
2022/09/01-20:24:47.444767 1fa8     Options.max_write_buffer_number_to_maintain: 0
2022/09/01-20:24:47.444770 1fa8     Options.max_write_buffer_size_to_maintain: 134217728
2022/09/01-20:24:47.444773 1fa8            Options.bottommost_compression_opts.window_bits: -14
2022/09/01-20:24:47.444776 1fa8                  Options.bottommost_compression_opts.level: 32767
2022/09/01-20:24:47.444779 1fa8               Options.bottommost_compression_opts.strategy: 0
2022/09/01-20:24:47.444782 1fa8         Options.bottommost_compression_opts.max_dict_bytes: 0
2022/09/01-20:24:47.444785 1fa8         Options.bottommost_compression_opts.zstd_max_train_bytes: 0
2022/09/01-20:24:47.444788 1fa8         Options.bottommost_compression_opts.parallel_threads: 1
2022/09/01-20:24:47.444791 1fa8                  Options.bottommost_compression_opts.enabled: false
2022/09/01-20:24:47.444794 1fa8         Options.bottommost_compression_opts.max_dict_buffer_bytes: 0
2022/09/01-20:24:47.444797 1fa8         Options.bottommost_compression_opts.use_zstd_dict_trainer: true
2022/09/01-20:24:47.444800 1fa8            Options.compression_opts.window_bits: -14
2022/09/01-20:24:47.444803 1fa8                  Options.compression_opts.level: 32767
2022/09/01-20:24:47.444808 1fa8               Options.compression_opts.strategy: 0
2022/09/01-20:24:47.444813 1fa8         Options.compression_opts.max_dict_bytes: 0
2022/09/01-20:24:47.444816 1fa8         Options.compression_opts.zstd_max_train_bytes: 0
2022/09/01-20:24:47.444819 1fa8         Options.compression_opts.use_zstd_dict_trainer: true
2022/09/01-20:24:47.444822 1fa8         Options.compression_opts.parallel_threads: 1
2022/09/01-20:24:47.444825 1fa8                  Options.compression_opts.enabled: false
2022/09/01-20:24:47.444828 1fa8         Options.compression_opts.max_dict_buffer_bytes: 0
2022/09/01-20:24:47.444831 1fa8      Options.level0_file_num_compaction_trigger: 4
2022/09/01-20:24:47.444834 1fa8          Options.level0_slowdown_writes_trigger: 20
2022/09/01-20:24:47.444837 1fa8              Options.level0_stop_writes_trigger: 36
2022/09/01-20:24:47.444839 1fa8                   Options.target_file_size_base: 67108864
2022/09/01-20:24:47.444843 1fa8             Options.target_file_size_multiplier: 1
2022/09/01-20:24:47.444846 1fa8                Options.max_bytes_for_level_base: 268435456
2022/09/01-20:24:47.444849 1fa8 Options.level_compaction_dynamic_level_bytes: 0
2022/09/01-20:24:47.444852 1fa8          Options.max_bytes_for_level_multiplier: 10.000000
2022/09/01-20:24:47.444855 1fa8 Options.max_bytes_for_level_multiplier_addtl[0]: 1
2022/09/01-20:24:47.444858 1fa8 Options.max_bytes_for_level_multiplier_addtl[1]: 1
2022/09/01-20:24:47.444861 1fa8 Options.max_bytes_for_level_multiplier_addtl[2]: 1
2022/09/01-20:24:47.444864 1fa8 Options.max_bytes_for_level_multiplier_addtl[3]: 1
2022/09/01-20:24:47.444867 1fa8 Options.max_bytes_for_level_multiplier_addtl[4]: 1
2022/09/01-20:24:47.444870 1fa8 Options.max_bytes_for_level_multiplier_addtl[5]: 1
2022/09/01-20:24:47.444873 1fa8 Options.max_bytes_for_level_multiplier_addtl[6]: 1
2022/09/01-20:24:47.444876 1fa8       Options.max_sequential_skip_in_iterations: 8
2022/09/01-20:24:47.444879 1fa8                    Options.max_compaction_bytes: 1677721600
2022/09/01-20:24:47.444882 1fa8                        Options.arena_block_size: 1048576
2022/09/01-20:24:47.444885 1fa8   Options.soft_pending_compaction_bytes_limit: 68719476736
2022/09/01-20:24:47.444888 1fa8   Options.hard_pending_compaction_bytes_limit: 274877906944
2022/09/01-20:24:47.444891 1fa8                Options.disable_auto_compactions: 1
2022/09/01-20:24:47.444894 1fa8                        Options.compaction_style: kCompactionStyleLevel
2022/09/01-20:24:47.444898 1fa8                          Options.compaction_pri: kMinOverlappingRatio
2022/09/01-20:24:47.444901 1fa8 Options.compaction_options_universal.size_ratio: 1
2022/09/01-20:24:47.444904 1fa8 Options.compaction_options_universal.min_merge_width: 2
2022/09/01-20:24:47.444907 1fa8 Options.compaction_options_universal.max_merge_width: 4294967295
2022/09/01-20:24:47.444910 1fa8 Options.compaction_options_universal.max_size_amplification_percent: 200
2022/09/01-20:24:47.444913 1fa8 Options.compaction_options_universal.compression_size_percent: -1
2022/09/01-20:24:47.444916 1fa8 Options.compaction_options_universal.stop_style: kCompactionStopStyleTotalSize
2022/09/01-20:24:47.444919 1fa8 Options.compaction_options_fifo.max_table_files_size: 1073741824
2022/09/01-20:24:47.444922 1fa8 Options.compaction_options_fifo.allow_compaction: 0
2022/09/01-20:24:47.444926 1fa8                   Options.table_properties_collectors: 
2022/09/01-20:24:47.444929 1fa8                   Options.inplace_update_support: 0
2022/09/01-20:24:47.444932 1fa8                 Options.inplace_update_num_locks: 10000
2022/09/01-20:24:47.444935 1fa8               Options.memtable_prefix_bloom_size_ratio: 0.000000
2022/09/01-20:24:47.444938 1fa8               Options.memtable_whole_key_filtering: 0
2022/09/01-20:24:47.444941 1fa8   Options.memtable_huge_page_size: 0
2022/09/01-20:24:47.444944 1fa8                           Options.bloom_locality: 0
2022/09/01-20:24:47.444947 1fa8                    Options.max_successive_merges: 0
2022/09/01-20:24:47.444951 1fa8                Options.optimize_filters_for_hits: 0
2022/09/01-20:24:47.444954 1fa8                Options.paranoid_file_checks: 0
2022/09/01-20:24:47.444957 1fa8                Options.force_consistency_checks: 1
2022/09/01-20:24:47.444960 1fa8                Options.report_bg_io_stats: 0
2022/09/01-20:24:47.444963 1fa8                               Options.ttl: 2592000
2022/09/01-20:24:47.444966 1fa8          Options.periodic_compaction_seconds: 0
2022/09/01-20:24:47.444969 1fa8                       Options.enable_blob_files: false
2022/09/01-20:24:47.444972 1fa8                           Options.min_blob_size: 0
2022/09/01-20:24:47.444975 1fa8                          Options.blob_file_size: 268435456
2022/09/01-20:24:47.444978 1fa8                   Options.blob_compression_type: NoCompression
2022/09/01-20:24:47.444981 1fa8          Options.enable_blob_garbage_collection: false
2022/09/01-20:24:47.444984 1fa8      Options.blob_garbage_collection_age_cutoff: 0.250000
2022/09/01-20:24:47.444987 1fa8 Options.blob_garbage_collection_force_threshold: 1.000000
2022/09/01-20:24:47.444990 1fa8          Options.blob_compaction_readahead_size: 0
2022/09/01-20:24:47.445774 1fa8 [db\version_set.cc:4966] Recovered from manifest file:D:\.jurassicraft\saves\Isla Nublar Jurassic Craft So1\DIM-83\fp2\heightmap/MANIFEST-000001 succeeded,manifest_file_number is 1, next_file_number is 3, last_sequence is 0, log_number is 0,prev_log_number is 0,max_column_family is 0,min_log_number_to_keep is 0
2022/09/01-20:24:47.445782 1fa8 [db\version_set.cc:4975] Column family [default] (ID 0), log number is 0
2022/09/01-20:24:47.448871 1fa8 [db\version_set.cc:4437] Creating manifest 5
2022/09/01-20:24:47.455769 1fa8 [db\column_family.cc:614] --------------- Options for column family [tile_timestamp]:
2022/09/01-20:24:47.455778 1fa8               Options.comparator: leveldb.BytewiseComparator
2022/09/01-20:24:47.455782 1fa8           Options.merge_operator: None
2022/09/01-20:24:47.455785 1fa8        Options.compaction_filter: None
2022/09/01-20:24:47.455788 1fa8        Options.compaction_filter_factory: None
2022/09/01-20:24:47.455791 1fa8  Options.sst_partitioner_factory: None
2022/09/01-20:24:47.455794 1fa8         Options.memtable_factory: SkipListFactory
2022/09/01-20:24:47.455797 1fa8            Options.table_factory: BlockBasedTable
2022/09/01-20:24:47.455813 1fa8            table_factory options:   flush_block_policy_factory: FlushBlockBySizePolicyFactory (0000000057A11D10)
  cache_index_and_filter_blocks: 0
  cache_index_and_filter_blocks_with_high_priority: 1
  pin_l0_filter_and_index_blocks_in_cache: 0
  pin_top_level_index_and_filter: 1
  index_type: 0
  data_block_index_type: 0
  index_shortening: 1
  data_block_hash_table_util_ratio: 0.750000
  checksum: 1
  no_block_cache: 0
  block_cache: 000000005EA71AE0
  block_cache_name: LRUCache
  block_cache_options:
    capacity : 8388608
    num_shard_bits : 4
    strict_capacity_limit : 0
    memory_allocator : None
    high_pri_pool_ratio: 0.000
  block_cache_compressed: 0000000000000000
  persistent_cache: 0000000000000000
  block_size: 4096
  block_size_deviation: 10
  block_restart_interval: 16
  index_block_restart_interval: 1
  metadata_block_size: 4096
  partition_filters: 0
  use_delta_encoding: 1
  filter_policy: nullptr
  whole_key_filtering: 1
  verify_compression: 0
  read_amp_bytes_per_bit: 0
  format_version: 5
  enable_index_compression: 1
  block_align: 0
  max_auto_readahead_size: 262144
  prepopulate_block_cache: 0
  initial_auto_readahead_size: 8192
2022/09/01-20:24:47.455816 1fa8        Options.write_buffer_size: 67108864
2022/09/01-20:24:47.455820 1fa8  Options.max_write_buffer_number: 2
2022/09/01-20:24:47.455823 1fa8          Options.compression: ZSTD
2022/09/01-20:24:47.455826 1fa8                  Options.bottommost_compression: Disabled
2022/09/01-20:24:47.455829 1fa8       Options.prefix_extractor: nullptr
2022/09/01-20:24:47.455832 1fa8   Options.memtable_insert_with_hint_prefix_extractor: nullptr
2022/09/01-20:24:47.455835 1fa8             Options.num_levels: 7
2022/09/01-20:24:47.455840 1fa8        Options.min_write_buffer_number_to_merge: 1
2022/09/01-20:24:47.455844 1fa8     Options.max_write_buffer_number_to_maintain: 0
2022/09/01-20:24:47.455847 1fa8     Options.max_write_buffer_size_to_maintain: 134217728
2022/09/01-20:24:47.455850 1fa8            Options.bottommost_compression_opts.window_bits: -14
2022/09/01-20:24:47.455853 1fa8                  Options.bottommost_compression_opts.level: 32767
2022/09/01-20:24:47.455856 1fa8               Options.bottommost_compression_opts.strategy: 0
2022/09/01-20:24:47.455859 1fa8         Options.bottommost_compression_opts.max_dict_bytes: 0
2022/09/01-20:24:47.455863 1fa8         Options.bottommost_compression_opts.zstd_max_train_bytes: 0
2022/09/01-20:24:47.455866 1fa8         Options.bottommost_compression_opts.parallel_threads: 1
2022/09/01-20:24:47.455869 1fa8                  Options.bottommost_compression_opts.enabled: false
2022/09/01-20:24:47.455871 1fa8         Options.bottommost_compression_opts.max_dict_buffer_bytes: 0
2022/09/01-20:24:47.455875 1fa8         Options.bottommost_compression_opts.use_zstd_dict_trainer: true
2022/09/01-20:24:47.455878 1fa8            Options.compression_opts.window_bits: -14
2022/09/01-20:24:47.455881 1fa8                  Options.compression_opts.level: 32767
2022/09/01-20:24:47.455884 1fa8               Options.compression_opts.strategy: 0
2022/09/01-20:24:47.455888 1fa8         Options.compression_opts.max_dict_bytes: 0
2022/09/01-20:24:47.455893 1fa8         Options.compression_opts.zstd_max_train_bytes: 0
2022/09/01-20:24:47.455896 1fa8         Options.compression_opts.use_zstd_dict_trainer: true
2022/09/01-20:24:47.455899 1fa8         Options.compression_opts.parallel_threads: 1
2022/09/01-20:24:47.455902 1fa8                  Options.compression_opts.enabled: false
2022/09/01-20:24:47.455905 1fa8         Options.compression_opts.max_dict_buffer_bytes: 0
2022/09/01-20:24:47.455908 1fa8      Options.level0_file_num_compaction_trigger: 4
2022/09/01-20:24:47.455911 1fa8          Options.level0_slowdown_writes_trigger: 20
2022/09/01-20:24:47.455914 1fa8              Options.level0_stop_writes_trigger: 36
2022/09/01-20:24:47.455917 1fa8                   Options.target_file_size_base: 67108864
2022/09/01-20:24:47.455922 1fa8             Options.target_file_size_multiplier: 1
2022/09/01-20:24:47.455926 1fa8                Options.max_bytes_for_level_base: 268435456
2022/09/01-20:24:47.455929 1fa8 Options.level_compaction_dynamic_level_bytes: 0
2022/09/01-20:24:47.455933 1fa8          Options.max_bytes_for_level_multiplier: 10.000000
2022/09/01-20:24:47.455936 1fa8 Options.max_bytes_for_level_multiplier_addtl[0]: 1
2022/09/01-20:24:47.455939 1fa8 Options.max_bytes_for_level_multiplier_addtl[1]: 1
2022/09/01-20:24:47.455943 1fa8 Options.max_bytes_for_level_multiplier_addtl[2]: 1
2022/09/01-20:24:47.455946 1fa8 Options.max_bytes_for_level_multiplier_addtl[3]: 1
2022/09/01-20:24:47.455949 1fa8 Options.max_bytes_for_level_multiplier_addtl[4]: 1
2022/09/01-20:24:47.455952 1fa8 Options.max_bytes_for_level_multiplier_addtl[5]: 1
2022/09/01-20:24:47.455955 1fa8 Options.max_bytes_for_level_multiplier_addtl[6]: 1
2022/09/01-20:24:47.455958 1fa8       Options.max_sequential_skip_in_iterations: 8
2022/09/01-20:24:47.455961 1fa8                    Options.max_compaction_bytes: 1677721600
2022/09/01-20:24:47.455964 1fa8                        Options.arena_block_size: 1048576
2022/09/01-20:24:47.455967 1fa8   Options.soft_pending_compaction_bytes_limit: 68719476736
2022/09/01-20:24:47.455970 1fa8   Options.hard_pending_compaction_bytes_limit: 274877906944
2022/09/01-20:24:47.455973 1fa8                Options.disable_auto_compactions: 1
2022/09/01-20:24:47.455977 1fa8                        Options.compaction_style: kCompactionStyleLevel
2022/09/01-20:24:47.455980 1fa8                          Options.compaction_pri: kMinOverlappingRatio
2022/09/01-20:24:47.455983 1fa8 Options.compaction_options_universal.size_ratio: 1
2022/09/01-20:24:47.455986 1fa8 Options.compaction_options_universal.min_merge_width: 2
2022/09/01-20:24:47.455990 1fa8 Options.compaction_options_universal.max_merge_width: 4294967295
2022/09/01-20:24:47.455994 1fa8 Options.compaction_options_universal.max_size_amplification_percent: 200
2022/09/01-20:24:47.455997 1fa8 Options.compaction_options_universal.compression_size_percent: -1
2022/09/01-20:24:47.456000 1fa8 Options.compaction_options_universal.stop_style: kCompactionStopStyleTotalSize
2022/09/01-20:24:47.456003 1fa8 Options.compaction_options_fifo.max_table_files_size: 1073741824
2022/09/01-20:24:47.456006 1fa8 Options.compaction_options_fifo.allow_compaction: 0
2022/09/01-20:24:47.456010 1fa8                   Options.table_properties_collectors: 
2022/09/01-20:24:47.456013 1fa8                   Options.inplace_update_support: 0
2022/09/01-20:24:47.456016 1fa8                 Options.inplace_update_num_locks: 10000
2022/09/01-20:24:47.456019 1fa8               Options.memtable_prefix_bloom_size_ratio: 0.000000
2022/09/01-20:24:47.456023 1fa8               Options.memtable_whole_key_filtering: 0
2022/09/01-20:24:47.456026 1fa8   Options.memtable_huge_page_size: 0
2022/09/01-20:24:47.456029 1fa8                           Options.bloom_locality: 0
2022/09/01-20:24:47.456032 1fa8                    Options.max_successive_merges: 0
2022/09/01-20:24:47.456035 1fa8                Options.optimize_filters_for_hits: 0
2022/09/01-20:24:47.456038 1fa8                Options.paranoid_file_checks: 0
2022/09/01-20:24:47.456041 1fa8                Options.force_consistency_checks: 1
2022/09/01-20:24:47.456044 1fa8                Options.report_bg_io_stats: 0
2022/09/01-20:24:47.456047 1fa8                               Options.ttl: 2592000
2022/09/01-20:24:47.456050 1fa8          Options.periodic_compaction_seconds: 0
2022/09/01-20:24:47.456053 1fa8                       Options.enable_blob_files: false
2022/09/01-20:24:47.456056 1fa8                           Options.min_blob_size: 0
2022/09/01-20:24:47.456059 1fa8                          Options.blob_file_size: 268435456
2022/09/01-20:24:47.456062 1fa8                   Options.blob_compression_type: NoCompression
2022/09/01-20:24:47.456065 1fa8          Options.enable_blob_garbage_collection: false
2022/09/01-20:24:47.456068 1fa8      Options.blob_garbage_collection_age_cutoff: 0.250000
2022/09/01-20:24:47.456072 1fa8 Options.blob_garbage_collection_force_threshold: 1.000000
2022/09/01-20:24:47.456075 1fa8          Options.blob_compaction_readahead_size: 0
2022/09/01-20:24:47.456216 1fa8 [db\db_impl\db_impl.cc:2792] Created column family [tile_timestamp] (ID 1)
2022/09/01-20:24:47.463448 1fa8 [db\column_family.cc:614] --------------- Options for column family [tile_dirty_timestamp]:
2022/09/01-20:24:47.463456 1fa8               Options.comparator: leveldb.BytewiseComparator
2022/09/01-20:24:47.463460 1fa8           Options.merge_operator: None
2022/09/01-20:24:47.463464 1fa8        Options.compaction_filter: None
2022/09/01-20:24:47.463467 1fa8        Options.compaction_filter_factory: None
2022/09/01-20:24:47.463470 1fa8  Options.sst_partitioner_factory: None
2022/09/01-20:24:47.463473 1fa8         Options.memtable_factory: SkipListFactory
2022/09/01-20:24:47.463476 1fa8            Options.table_factory: BlockBasedTable
2022/09/01-20:24:47.463490 1fa8            table_factory options:   flush_block_policy_factory: FlushBlockBySizePolicyFactory (0000000057A11D10)
  cache_index_and_filter_blocks: 0
  cache_index_and_filter_blocks_with_high_priority: 1
  pin_l0_filter_and_index_blocks_in_cache: 0
  pin_top_level_index_and_filter: 1
  index_type: 0
  data_block_index_type: 0
  index_shortening: 1
  data_block_hash_table_util_ratio: 0.750000
  checksum: 1
  no_block_cache: 0
  block_cache: 000000005EA71AE0
  block_cache_name: LRUCache
  block_cache_options:
    capacity : 8388608
    num_shard_bits : 4
    strict_capacity_limit : 0
    memory_allocator : None
    high_pri_pool_ratio: 0.000
  block_cache_compressed: 0000000000000000
  persistent_cache: 0000000000000000
  block_size: 4096
  block_size_deviation: 10
  block_restart_interval: 16
  index_block_restart_interval: 1
  metadata_block_size: 4096
  partition_filters: 0
  use_delta_encoding: 1
  filter_policy: nullptr
  whole_key_filtering: 1
  verify_compression: 0
  read_amp_bytes_per_bit: 0
  format_version: 5
  enable_index_compression: 1
  block_align: 0
  max_auto_readahead_size: 262144
  prepopulate_block_cache: 0
  initial_auto_readahead_size: 8192
2022/09/01-20:24:47.463496 1fa8        Options.write_buffer_size: 67108864
2022/09/01-20:24:47.463500 1fa8  Options.max_write_buffer_number: 2
2022/09/01-20:24:47.463503 1fa8          Options.compression: ZSTD
2022/09/01-20:24:47.463506 1fa8                  Options.bottommost_compression: Disabled
2022/09/01-20:24:47.463509 1fa8       Options.prefix_extractor: nullptr
2022/09/01-20:24:47.463512 1fa8   Options.memtable_insert_with_hint_prefix_extractor: nullptr
2022/09/01-20:24:47.463515 1fa8             Options.num_levels: 7
2022/09/01-20:24:47.463518 1fa8        Options.min_write_buffer_number_to_merge: 1
2022/09/01-20:24:47.463521 1fa8     Options.max_write_buffer_number_to_maintain: 0
2022/09/01-20:24:47.463524 1fa8     Options.max_write_buffer_size_to_maintain: 134217728
2022/09/01-20:24:47.463527 1fa8            Options.bottommost_compression_opts.window_bits: -14
2022/09/01-20:24:47.463530 1fa8                  Options.bottommost_compression_opts.level: 32767
2022/09/01-20:24:47.463533 1fa8               Options.bottommost_compression_opts.strategy: 0
2022/09/01-20:24:47.463536 1fa8         Options.bottommost_compression_opts.max_dict_bytes: 0
2022/09/01-20:24:47.463539 1fa8         Options.bottommost_compression_opts.zstd_max_train_bytes: 0
2022/09/01-20:24:47.463542 1fa8         Options.bottommost_compression_opts.parallel_threads: 1
2022/09/01-20:24:47.463545 1fa8                  Options.bottommost_compression_opts.enabled: false
2022/09/01-20:24:47.463548 1fa8         Options.bottommost_compression_opts.max_dict_buffer_bytes: 0
2022/09/01-20:24:47.463551 1fa8         Options.bottommost_compression_opts.use_zstd_dict_trainer: true
2022/09/01-20:24:47.463554 1fa8            Options.compression_opts.window_bits: -14
2022/09/01-20:24:47.463557 1fa8                  Options.compression_opts.level: 32767
2022/09/01-20:24:47.463560 1fa8               Options.compression_opts.strategy: 0
2022/09/01-20:24:47.463563 1fa8         Options.compression_opts.max_dict_bytes: 0
2022/09/01-20:24:47.463566 1fa8         Options.compression_opts.zstd_max_train_bytes: 0
2022/09/01-20:24:47.463569 1fa8         Options.compression_opts.use_zstd_dict_trainer: true
2022/09/01-20:24:47.463572 1fa8         Options.compression_opts.parallel_threads: 1
2022/09/01-20:24:47.463575 1fa8                  Options.compression_opts.enabled: false
2022/09/01-20:24:47.463578 1fa8         Options.compression_opts.max_dict_buffer_bytes: 0
2022/09/01-20:24:47.463581 1fa8      Options.level0_file_num_compaction_trigger: 4
2022/09/01-20:24:47.463584 1fa8          Options.level0_slowdown_writes_trigger: 20
2022/09/01-20:24:47.463587 1fa8              Options.level0_stop_writes_trigger: 36
2022/09/01-20:24:47.463590 1fa8                   Options.target_file_size_base: 67108864
2022/09/01-20:24:47.463593 1fa8             Options.target_file_size_multiplier: 1
2022/09/01-20:24:47.463596 1fa8                Options.max_bytes_for_level_base: 268435456
2022/09/01-20:24:47.463599 1fa8 Options.level_compaction_dynamic_level_bytes: 0
2022/09/01-20:24:47.463602 1fa8          Options.max_bytes_for_level_multiplier: 10.000000
2022/09/01-20:24:47.463605 1fa8 Options.max_bytes_for_level_multiplier_addtl[0]: 1
2022/09/01-20:24:47.463608 1fa8 Options.max_bytes_for_level_multiplier_addtl[1]: 1
2022/09/01-20:24:47.463611 1fa8 Options.max_bytes_for_level_multiplier_addtl[2]: 1
2022/09/01-20:24:47.463614 1fa8 Options.max_bytes_for_level_multiplier_addtl[3]: 1
2022/09/01-20:24:47.463617 1fa8 Options.max_bytes_for_level_multiplier_addtl[4]: 1
2022/09/01-20:24:47.463620 1fa8 Options.max_bytes_for_level_multiplier_addtl[5]: 1
2022/09/01-20:24:47.463623 1fa8 Options.max_bytes_for_level_multiplier_addtl[6]: 1
2022/09/01-20:24:47.463627 1fa8       Options.max_sequential_skip_in_iterations: 8
2022/09/01-20:24:47.463630 1fa8                    Options.max_compaction_bytes: 1677721600
2022/09/01-20:24:47.463633 1fa8                        Options.arena_block_size: 1048576
2022/09/01-20:24:47.463636 1fa8   Options.soft_pending_compaction_bytes_limit: 68719476736
2022/09/01-20:24:47.463639 1fa8   Options.hard_pending_compaction_bytes_limit: 274877906944
2022/09/01-20:24:47.463642 1fa8                Options.disable_auto_compactions: 1
2022/09/01-20:24:47.463646 1fa8                        Options.compaction_style: kCompactionStyleLevel
2022/09/01-20:24:47.463649 1fa8                          Options.compaction_pri: kMinOverlappingRatio
2022/09/01-20:24:47.463652 1fa8 Options.compaction_options_universal.size_ratio: 1
2022/09/01-20:24:47.463655 1fa8 Options.compaction_options_universal.min_merge_width: 2
2022/09/01-20:24:47.463658 1fa8 Options.compaction_options_universal.max_merge_width: 4294967295
2022/09/01-20:24:47.463661 1fa8 Options.compaction_options_universal.max_size_amplification_percent: 200
2022/09/01-20:24:47.463664 1fa8 Options.compaction_options_universal.compression_size_percent: -1
2022/09/01-20:24:47.463667 1fa8 Options.compaction_options_universal.stop_style: kCompactionStopStyleTotalSize
2022/09/01-20:24:47.463670 1fa8 Options.compaction_options_fifo.max_table_files_size: 1073741824
2022/09/01-20:24:47.463673 1fa8 Options.compaction_options_fifo.allow_compaction: 0
2022/09/01-20:24:47.463677 1fa8                   Options.table_properties_collectors: 
2022/09/01-20:24:47.463680 1fa8                   Options.inplace_update_support: 0
2022/09/01-20:24:47.463683 1fa8                 Options.inplace_update_num_locks: 10000
2022/09/01-20:24:47.463686 1fa8               Options.memtable_prefix_bloom_size_ratio: 0.000000
2022/09/01-20:24:47.463690 1fa8               Options.memtable_whole_key_filtering: 0
2022/09/01-20:24:47.463693 1fa8   Options.memtable_huge_page_size: 0
2022/09/01-20:24:47.463696 1fa8                           Options.bloom_locality: 0
2022/09/01-20:24:47.463698 1fa8                    Options.max_successive_merges: 0
2022/09/01-20:24:47.463701 1fa8                Options.optimize_filters_for_hits: 0
2022/09/01-20:24:47.463704 1fa8                Options.paranoid_file_checks: 0
2022/09/01-20:24:47.463707 1fa8                Options.force_consistency_checks: 1
2022/09/01-20:24:47.463710 1fa8                Options.report_bg_io_stats: 0
2022/09/01-20:24:47.463713 1fa8                               Options.ttl: 2592000
2022/09/01-20:24:47.463716 1fa8          Options.periodic_compaction_seconds: 0
2022/09/01-20:24:47.463719 1fa8                       Options.enable_blob_files: false
2022/09/01-20:24:47.463722 1fa8                           Options.min_blob_size: 0
2022/09/01-20:24:47.463725 1fa8                          Options.blob_file_size: 268435456
2022/09/01-20:24:47.463728 1fa8                   Options.blob_compression_type: NoCompression
2022/09/01-20:24:47.463731 1fa8          Options.enable_blob_garbage_collection: false
2022/09/01-20:24:47.463734 1fa8      Options.blob_garbage_collection_age_cutoff: 0.250000
2022/09/01-20:24:47.463737 1fa8 Options.blob_garbage_collection_force_threshold: 1.000000
2022/09/01-20:24:47.463740 1fa8          Options.blob_compaction_readahead_size: 0
2022/09/01-20:24:47.463897 1fa8 [db\db_impl\db_impl.cc:2792] Created column family [tile_dirty_timestamp] (ID 2)
2022/09/01-20:24:47.471517 1fa8 [db\column_family.cc:614] --------------- Options for column family [tile_data]:
2022/09/01-20:24:47.471525 1fa8               Options.comparator: leveldb.BytewiseComparator
2022/09/01-20:24:47.471529 1fa8           Options.merge_operator: None
2022/09/01-20:24:47.471532 1fa8        Options.compaction_filter: None
2022/09/01-20:24:47.471535 1fa8        Options.compaction_filter_factory: None
2022/09/01-20:24:47.471538 1fa8  Options.sst_partitioner_factory: None
2022/09/01-20:24:47.471541 1fa8         Options.memtable_factory: SkipListFactory
2022/09/01-20:24:47.471544 1fa8            Options.table_factory: BlockBasedTable
2022/09/01-20:24:47.471560 1fa8            table_factory options:   flush_block_policy_factory: FlushBlockBySizePolicyFactory (0000000057A11D10)
  cache_index_and_filter_blocks: 0
  cache_index_and_filter_blocks_with_high_priority: 1
  pin_l0_filter_and_index_blocks_in_cache: 0
  pin_top_level_index_and_filter: 1
  index_type: 0
  data_block_index_type: 0
  index_shortening: 1
  data_block_hash_table_util_ratio: 0.750000
  checksum: 1
  no_block_cache: 0
  block_cache: 000000005EA71AE0
  block_cache_name: LRUCache
  block_cache_options:
    capacity : 8388608
    num_shard_bits : 4
    strict_capacity_limit : 0
    memory_allocator : None
    high_pri_pool_ratio: 0.000
  block_cache_compressed: 0000000000000000
  persistent_cache: 0000000000000000
  block_size: 4096
  block_size_deviation: 10
  block_restart_interval: 16
  index_block_restart_interval: 1
  metadata_block_size: 4096
  partition_filters: 0
  use_delta_encoding: 1
  filter_policy: nullptr
  whole_key_filtering: 1
  verify_compression: 0
  read_amp_bytes_per_bit: 0
  format_version: 5
  enable_index_compression: 1
  block_align: 0
  max_auto_readahead_size: 262144
  prepopulate_block_cache: 0
  initial_auto_readahead_size: 8192
2022/09/01-20:24:47.471565 1fa8        Options.write_buffer_size: 67108864
2022/09/01-20:24:47.471569 1fa8  Options.max_write_buffer_number: 2
2022/09/01-20:24:47.471572 1fa8          Options.compression: ZSTD
2022/09/01-20:24:47.471575 1fa8                  Options.bottommost_compression: Disabled
2022/09/01-20:24:47.471578 1fa8       Options.prefix_extractor: nullptr
2022/09/01-20:24:47.471581 1fa8   Options.memtable_insert_with_hint_prefix_extractor: nullptr
2022/09/01-20:24:47.471584 1fa8             Options.num_levels: 7
2022/09/01-20:24:47.471586 1fa8        Options.min_write_buffer_number_to_merge: 1
2022/09/01-20:24:47.471589 1fa8     Options.max_write_buffer_number_to_maintain: 0
2022/09/01-20:24:47.471592 1fa8     Options.max_write_buffer_size_to_maintain: 134217728
2022/09/01-20:24:47.471595 1fa8            Options.bottommost_compression_opts.window_bits: -14
2022/09/01-20:24:47.471598 1fa8                  Options.bottommost_compression_opts.level: 32767
2022/09/01-20:24:47.471601 1fa8               Options.bottommost_compression_opts.strategy: 0
2022/09/01-20:24:47.471605 1fa8         Options.bottommost_compression_opts.max_dict_bytes: 0
2022/09/01-20:24:47.471608 1fa8         Options.bottommost_compression_opts.zstd_max_train_bytes: 0
2022/09/01-20:24:47.471611 1fa8         Options.bottommost_compression_opts.parallel_threads: 1
2022/09/01-20:24:47.471614 1fa8                  Options.bottommost_compression_opts.enabled: false
2022/09/01-20:24:47.471616 1fa8         Options.bottommost_compression_opts.max_dict_buffer_bytes: 0
2022/09/01-20:24:47.471619 1fa8         Options.bottommost_compression_opts.use_zstd_dict_trainer: true
2022/09/01-20:24:47.471622 1fa8            Options.compression_opts.window_bits: -14
2022/09/01-20:24:47.471625 1fa8                  Options.compression_opts.level: 32767
